4489
4
-1872 848
960 272
704 16
-576 784
176 -1904
176 -1872
-848 1024
2032 -192
176 -1840
416 -272
176 -208
176 -1744
-1360 -1376
-1360 -160
688 -1280
-1360 -544
-384 976
-1360 224
176 -1776
-1632 1776
-1872 -976
2032 1856
1552 1376
-1872 720
-1872 -720
1104 928
-1872 -752
-1360 768
464 288
-1872 -1424
1072 896
-1360 448
1232 1056
960 1296
1600 1936
1136 1984
624 1472
1248 1584
-848 560
-848 -1744
784 -416
1504 1840
1776 576
1440 1776
96 432
-128 208
1536 1872
1200 -2032
-176 672
1104 1952
-848 528
-336 256
-848 -1776
-1296 1600
1424 224
-848 -1872
-1200 1696
1088 -624
1136 -64
-1088 1296
-848 -1648
1328 128
-352 496
-1360 -304
608 1456
1120 1968
1024 1872
-848 544
-848 -1760
-496 864
-848 800
-848 512
432 -256
-848 -1664
944 256
-1360 752
-1360 -1296
688 -2000
2032 -704
688 -1072
864 -336
-1360 -1360
1984 784
1680 992
1344 144
1088 -112
400 -288
1712 -2032
1520 1856
384 208
128 -48
176 -224
176 -1888
752 1088
1328 -384
176 -1856
-336 -1968
-1872 -1024
176 512
1616 1952
944 1280
-1872 704
-1872 -960
2032 -1728
1232 1568
1872 160
-768 1104
-1872 1696
-336 240
-1872 -736
-912 -1600
-912 -1728
-912 -320
-1424 880
-1424 432
1728 592
368 -256
960 -176
832 -304
-1424 848
-1248 1712
-912 -288
1024 1936
-912 -1568
624 -1040
240 1664
-912 -1696
-688 736
624 -1968
-1424 -1232
-1424 208
-224 688
992 1904
1280 144
1024 -112
672 1584
112 -160
-864 1072
1520 1920
112 -1824
112 -1760
-800 1136
1008 1408
1792 1680
1648 -2032
-1936 -992
112 -1792
-1040 1408
-1936 -1440
944 -704
-1936 -672
-1936 800
1632 1520
416 304
96 -16
1296 -352
1696 1584
352 240
1760 1648
976 1376
-1936 832
1504 -656
2032 -1664
1440 -720
1488 1888
720 1120
1456 1856
-1936 768
-1936 -1024
144 544
1392 1792
112 -1808
-1424 864
1456 -704
112 -1776
-1424 -1248
256 1680
352 1776
1808 1696
-672 752
-1936 816
1776 1664
-416 1008
224 1648
624 -1248
2032 1920
1648 1536
-1936 -1456
1200 1088
1872 1760
-1424 -512
1712 1600
-1664 1808
-1936 784
432 320
-1936 1680
1072 960
-1424 448
-1424 -1344
-1936 -656
-1424 192
1744 1632
624 -1984
-704 720
112 -144
1488 -672
-912 -1680
-400 -1984
1072 -64
976 -160
-1120 1328
1024 1424
1040 1952
1008 1920
1536 1936
1136 -2032
-1328 1632
-912 -304
992 1392
1504 1904
1008 -128
-912 -1584
1248 1648
960 1360
1472 1872
-192 208
64 464
624 1536
-400 512
-912 -1616
-912 592
1728 80
1344 -304
1088 -560
960 -688
-912 -1712
1008 1216
1840 -2032
304 -1568
304 -352
304 -1376
304 -1952
-208 -1968
1392 -448
1424 -416
144 352
1392 1600
1680 1888
-1744 -1312
-1744 -800
304 -896
-1744 -224
-1744 480
-768 976
1968 128
528 -288
-1232 -560
-1232 -1328
784 -32
-160 560
608 1328
1120 1840
-96 624
576 1296
-320 400
816 -1168
816 -1936
-336 896
816 -1616
2032 -832
864 -464
1440 112
816 -1488
-1232 -144
1072 256
-1392 1888
-720 704
-1232 -1424
-1424 1856
-1232 -1344
-1744 -1392
-1232 192
-1744 -1136
-1744 912
208 -96
-1744 -1168
-1744 -816
816 -1312
-1744 -1072
2032 1728
1648 1344
-1744 -1360
1168 864
-1744 -1296
-1744 -272
-1744 -240
-1232 -1408
-1408 1872
-1232 1536
1552 224
224 432
1696 1904
2032 704
1504 1712
-1024 1232
-720 -1776
944 -384
-1296 -144
-1296 -1392
-784 -1728
1504 240
2016 752
752 -2000
2032 -768
1120 -144
1184 -80
752 -1488
752 -1584
752 -1616
752 -1296
-784 416
-784 672
752 -1520
752 -1552
1024 1808
1520 768
896 -368
-1584 1760
-224 560
-1296 -560
752 0
-1296 208
672 1456
-1296 720
-1296 -1328
-160 624
-1328 2016
992 1776
1712 960
-1296 496
-1808 544
240 -256
240 -1536
-1808 1760
240 -1920
240 -1664
-1808 -928
-272 176
912 -864
-272 -1968
112 384
1600 1360
192 -48
-1808 -768
-1808 -1408
-1808 -896
-1808 528
-1296 -128
432 192
-1808 -1040
-1296 704
-1296 -320
-1808 912
-1808 -880
-1808 1744
-352 944
752 -1632
752 -1120
-1808 560
896 144
1536 784
752 -1504
752 -1568
2032 1792
240 -1648
752 -1600
752 -1984
240 -1680
-1296 736
-1296 -1312
240 -1520
240 -1552
-1312 2032
-1376 1968
-1296 480
752 -1536
752 -1280
240 -272
-1808 -848
832 80
2000 736
-272 -1984
-960 1360
-784 656
-272 192
-1168 1664
1920 144
800 1072
1408 -368
896 -880
224 496
1808 544
-784 -1744
1504 1776
-272 160
-272 96
1040 1824
1264 -2032
-1056 1264
1664 1936
-336 448
1104 1888
144 -48
960 256
448 -256
-1856 848
400 208
-1856 1712
-1856 688
704 -1088
192 -1904
-1344 -1376
192 -1808
192 -240
-1344 -160
704 -1280
-1344 -544
-1344 -1312
-1344 224
-1632 1760
2032 -208
192 -1744
2032 1840
-544 800
-1856 -752
1072 880
-1344 448
-1856 -1424
-832 -1680
-320 -1984
-1088 1280
-832 -1648
960 1280
1600 1920
1136 1968
624 1456
-832 464
-832 -1840
96 416
-832 816
1504 1824
1792 64
-176 656
1104 1936
1360 144
-832 496
-320 256
-832 -1776
-1296 1584
-832 432
-832 -1872
-832 -1824
-496 848
-832 800
-832 -1696
-1184 1696
704 -1296
1024 1856
-832 512
432 -272
-832 -1664
-1344 752
-1344 -1296
800 -416
-560 784
704 -2000
2032 -720
864 -352
1440 224
2048 1856
1728 -2032
1520 1840
192 -1760
192 -1824
192 -224
192 -1792
-768 1088
-320 240
1104 -624
-320 272
1568 1376
480 288
-976 1392
1248 1056
-1856 -1024
176 496
1616 1936
1088 896
1392 1712
-1856 704
-1856 -960
2032 -1744
1232 1552
976 1360
-1920 832
1568 -608
1504 -672
2032 -1680
1584 1968
128 -160
-864 1056
1008 1392
1792 1664
1664 -2032
1552 1936
1664 1536
128 -1760
1504 1376
352 224
1696 1568
1824 1696
1760 1632
144 528
1088 960
1856 1728
1728 1600
-1920 -1440
944 -720
1360 -304
-1920 -672
-1920 -992
-1920 768
-1920 -1024
-176 208
1088 -64
960 -192
832 -320
880 240
1648 1008
-1408 848
-1408 -1360
-896 -1600
-896 -1728
-896 576
640 -2000
2032 -656
1952 800
1120 -32
1376 224
304 1712
-1408 -1264
-1408 -240
-1408 -272
-1408 -528
640 1536
-384 512
-896 800
240 1648
640 -1264
640 -1040
272 1680
352 1760
1808 1680
-672 736
2032 1904
-544 864
-416 992
896 256
288 1696
384 -256
640 -1248
112 -16
1680 1552
1200 1072
1872 1744
-1408 -512
-1408 -256
1712 1584
-1664 1792
432 304
-1920 752
-1920 1680
-1408 448
-1408 -1344
-1408 -192
1744 1616
1840 1712
1488 -688
320 1728
640 -1984
-1408 -1248
-640 768
-1408 224
-1408 -224
1456 -720
-784 1136
-896 -1680
-384 -1984
976 -176
1744 592
-1328 1616
1296 144
752 -400
-1232 1712
-896 816
992 1376
1504 1888
1040 -112
1008 -144
736 1120
1248 1632
-1120 1312
1024 1408
1040 1936
1152 -2032
1408 1792
-896 -1616
-896 592
1392 240
1088 -576
320 -384
-1728 -1248
-1728 -224
-1728 -288
-1728 -1376
-1728 -1184
-1728 -160
-1728 480
1872 16
-1008 1232
-1728 928
320 -864
320 -1376
-672 1056
1008 1200
1856 -2032
320 -1568
320 -1952
1664 1344
-192 -1968
1392 -464
1712 1904
-1728 -1280
-704 -1792
-704 512
592 -240
576 1280
-320 384
832 -1424
832 -1168
832 -1936
752 1968
832 -1776
832 -1296
-704 608
-704 416
-704 480
640 1344
720 1936
832 -1744
864 -480
832 -1328
1568 224
2032 -848
1440 96
832 -1488
-336 880
832 -1616
832 -1456
-1392 1872
-1216 -1424
-1424 1840
1584 752
-1728 -1168
560 240
-1728 -144
-1728 -1392
-1216 -1344
-1216 192
-1728 -1136
-1728 912
208 -112
832 -1632
-608 608
-1728 -208
736 1952
832 -1760
832 -1312
-1728 -1072
2032 1712
-1376 1888
-1216 -352
-1216 -160
832 -1280
-1504 1760
-1216 -544
-752 976
832 -1920
-1728 -176
1088 256
576 -256
960 128
-1728 -80
-1728 -1360
-1728 -1296
-1728 -272
-1728 -1264
1200 880
864 1056
1696 1888
160 352
-1232 1520
-96 96
1552 208
224 416
1504 1696
-704 528
-704 496
1456 112
-704 -1776
1872 528
496 -272
1408 128
1152 -128
-224 544
-1280 -560
1120 1888
752 -16
-1280 208
-1280 -1328
1008 240
1040 272
992 1760
1056 1824
752 2032
-768 416
-768 -1760
768 -1968
2016 736
2032 -784
1120 -160
1824 544
768 -1488
720 2000
-1280 -144
-1280 656
-1280 -1392
-768 704
-1280 624
-1280 528
-1280 496
-1152 1664
-768 640
832 -448
880 112
-1280 688
912 144
-1792 -1056
-1792 480
-1792 -928
-1792 928
1104 -688
-1792 1760
256 -1920
-256 -1968
1392 -400
-256 80
1936 144
256 -288
-800 992
256 -1696
240 496
256 -928
256 -1440
256 -1632
1280 1024
2048 1792
512 256
1792 -2032
256 -1504
256 -1568
-112 144
448 192
192 -64
1648 1904
-1792 512
-1792 -768
-1792 -1408
-1792 -896
976 1232
-1792 -832
2032 -1808
816 1072
208 464
-1280 704
-1280 -320
-1792 -912
-1792 912
-352 928
768 -1632
768 -1120
896 128
1024 256
1536 768
2032 1776
-1280 640
-1792 496
-1792 528
-1280 -128
1616 1360
-1280 512
-1792 -1040
768 -1984
256 -1680
256 -1424
256 -912
1728 960
832 64
-1792 -848
1136 880
768 2048
768 -1280
-1568 1760
-1280 672
-1376 1952
256 -1552
256 -1520
256 -272
-1264 1552
1200 -80
-768 -1776
1664 1920
128 384
-240 528
-256 96
1040 1808
1280 1536
1280 -2032
-1056 1248
1520 240
1408 -384
896 -896
224 480
992 1248
1504 1760
-768 -1744
-816 -1792
-1280 1584
-1328 752
-1328 -144
816 96
720 0
976 256
-1328 -1392
-816 -1856
-816 480
-816 -1824
640 1456
-496 832
-528 800
-816 -1696
-1184 1680
720 -1296
720 -2000
2032 -736
800 -432
1376 144
864 -368
208 -256
-1840 672
-1840 -864
-1840 864
-304 240
-304 272
208 -1920
208 -1664
1568 1360
-976 1376
-1072 1280
160 -48
416 208
1248 1040
1456 1760
1616 1920
-1840 -1408
-1840 -1024
208 -1632
1744 -2032
1520 1824
784 1088
-112 192
1424 1728
1088 880
1392 1696
-1840 1728
-1840 -960
2032 -1760
960 240
-1840 -944
448 -272
832 112
-1840 848
-1840 1712
-1840 688
-1840 880
-1840 -1424
-1328 448
1264 1056
-352 976
496 288
-544 784
2032 1824
1104 896
-1840 -752
-1840 -1040
-512 816
-1328 -544
-1328 -1312
-1328 224
-752 1088
-1328 -1376
208 -240
2000 768
-304 -1984
-816 432
1344 -400
-816 -1712
-816 -1872
1248 1552
-816 464
-816 -1840
1440 1744
1632 1936
96 400
1504 1808
1792 48
1808 576
1408 1712
-304 288
1040 1856
1232 -2032
-176 640
1104 1920
-816 496
-816 -1776
1104 -128
1456 224
-816 -1808
976 1344
-1904 832
2032 -1696
1584 1952
-864 1040
1680 -2032
1552 1920
144 -1760
-368 -1968
1600 -592
-1104 1312
1696 1552
1216 1072
1088 944
1856 1712
448 304
-1904 -992
-1008 1408
-1904 -1440
944 -736
-1904 736
1360 -320
-1904 -672
-1904 -1024
1648 992
-1392 848
-1392 -176
912 256
-1392 -1360
768 -400
608 1488
-1392 816
672 1552
1408 240
640 1520
1152 2032
-1312 1616
-528 864
-880 800
656 -1264
-880 -2016
656 -1040
-880 -1984
-880 -1728
-1216 1712
-880 576
656 -2000
1056 -112
2032 -672
1120 -48
1760 592
304 1696
-1392 -272
688 32
-1392 -528
1456 800
-1392 -1264
-1904 -688
112 -32
1680 1536
368 224
-1904 848
-1904 1680
-1392 448
-1392 832
-1392 -192
1840 1696
-1392 800
-640 752
-1392 224
-1392 -288
-784 1120
-1904 -976
2032 1888
656 -1056
288 1680
1520 1376
896 240
384 -272
352 1744
-1664 1776
-1392 -1280
1872 1728
-1904 752
-880 -1680
-368 -1984
656 1536
960 1328
1600 1968
-368 512
64 432
1136 2016
1168 2048
624 1504
1008 1888
1536 1904
1168 -2032
736 1104
1248 1616
-880 560
-880 -1744
160 528
-160 208
1296 128
-880 -2000
1392 224
-880 -1968
-880 -2032
848 -320
1968 800
1104 -64
-1712 -1248
336 -384
-1712 -288
-1712 928
-1712 -96
-1712 480
-1008 1216
-1712 -1184
1456 -416
336 -864
240 416
1872 -2032
336 -1568
336 -1952
-176 -1968
-1712 -1088
-1712 -1216
2032 -1888
-1712 -64
-1712 -192
-1712 -320
592 -256
-688 -1792
1104 256
576 1264
-64 624
-320 368
848 -1424
848 -1904
848 -1168
848 -1456
-592 608
848 -1872
-688 544
-688 480
752 1952
848 -1776
-688 608
1888 528
720 1920
848 -1744
848 -1328
1568 208
2032 -864
928 -432
848 -1488
976 128
-1216 1520
-1200 -368
-1200 -1424
-1424 1824
560 -288
816 -32
672 1872
848 -1888
-1712 -304
-1712 -1232
848 -1632
848 -1440
-1712 -208
1792 944
-1712 -1072
2032 1696
-1712 -48
736 1936
496 160
896 48
848 -1312
-1712 -336
-1712 -1200
-1712 -176
1600 752
1680 1344
576 -272
-1712 -80
-1200 -352
-1200 -160
768 1968
848 -1792
-1504 1744
-1200 -544
-752 960
848 -1920
-1712 -144
-1712 -1136
-1712 -112
-1200 -1344
1328 992
-240 448
1024 1200
1008 1696
1360 -2032
-176 -1952
896 1072
1728 1904
-64 112
192 368
-144 544
1136 1824
1408 -464
-688 464
864 1040
1696 1872
1504 1680
1552 768
-1264 560
1408 112
1152 -144
-224 528
-1264 -560
1120 1872
-1264 208
672 1424
-1264 -1328
1040 256
992 1744
1056 1808
784 -1968
2016 720
2032 -800
928 -368
720 1984
1184 -112
784 -1488
-1264 -144
-1264 -1392
-752 704
-1264 624
-1264 528
-1152 1648
-1552 1760
-752 640
848 64
-1776 480
-1776 -1056
-1040 1248
-1776 1760
272 -1920
272 -896
272 -1408
-1776 928
-240 -1968
1392 -416
-944 1344
-240 80
1424 -384
1680 1920
192 -80
272 -1696
240 480
1296 1536
272 -928
272 -1632
512 240
1808 -2032
272 -1504
1152 880
-1776 -768
-1776 -1152
-1776 -1408
-1776 -832
2032 -1824
-1264 576
-1776 -1392
-1264 -320
464 192
-1776 -1136
-1776 912
-352 912
736 2000
784 -1312
1024 240
2032 1760
768 -16
512 -272
1296 1024
-1776 -816
784 -1632
784 -1952
-1776 -784
-1776 496
-1264 -1408
-1376 1936
-784 992
768 2032
-1264 544
784 -1280
784 -1152
-1264 608
1664 1904
128 368
-240 512
1296 -2032
-96 144
1520 224
1312 1552
224 464
992 1232
1504 1744
1024 -784
1200 -96
848 -448
-752 -1776
1536 1376
1696 -2032
160 -1760
384 224
752 1104
-352 -1968
1600 -608
-1104 1296
976 1328
-1888 -704
2032 -1712
1584 1936
1232 1584
-144 208
1424 1776
1088 928
-1888 1696
-1888 736
-1888 -736
944 1296
80 432
-1888 -1024
-864 -1664
-864 -1920
-1376 -528
-1376 784
944 272
-1376 -1296
1184 2048
-1376 -304
1408 224
608 1472
-1312 1600
-864 -1888
672 -1264
-864 -1952
672 -2000
2032 -688
672 -1072
1760 576
1312 128
400 -272
-1376 -176
-1376 -1360
1984 800
-1888 -688
112 -48
1472 800
704 32
-1888 848
-784 1104
-1376 -160
-1376 800
-1376 224
-1376 -288
672 -1280
-512 864
-1376 -544
-1376 -1280
-1376 768
1104 944
-1888 -752
2032 -176
928 256
160 -208
160 -1744
-608 768
-1888 -976
2032 1872
672 -1056
1664 992
384 -288
-1888 720
464 304
-1888 -1424
-1888 1680
1072 912
-1376 448
1232 1072
-864 -1680
1072 -112
1328 144
-864 -1904
-864 -1936
960 1312
1600 1952
-368 496
1136 2000
1008 1872
1536 1888
1184 -2032
-992 1408
1248 1600
-864 560
-864 -1744
784 -400
160 512
-864 -1872
-1200 1712
1856 160
-864 -1968
1088 -608
1136 -48
464 -272
-1312 -144
816 80
976 240
-1312 -1392
-800 -1728
736 -2000
2032 -752
1376 128
-160 640
-1328 2032
-352 448
-1312 -304
1520 784
-1312 464
-224 576
-1312 -560
-1312 208
1792 544
848 112
-1280 1568
-1312 752
-1824 640
-1824 -1408
-1824 896
224 -256
-1824 672
-1824 -864
-288 240
224 -1920
1360 -400
224 -1664
-1824 608
-1824 -928
-112 176
112 400
1424 1712
1648 1936
-736 1088
224 -1632
1760 -2032
784 1072
1264 1552
-1824 1728
-1824 576
2032 -1776
-1312 448
-1824 656
-1344 2016
-1600 1760
-1312 -320
-1824 -880
1584 1360
-1824 880
-1824 912
-1824 624
-1824 1744
1264 1040
-352 960
736 -1120
496 272
-1824 560
2032 1808
-1824 -1040
176 -48
432 208
1104 880
-1824 -752
-1824 -944
832 96
-1824 -848
-1824 592
-1312 736
-1312 -1312
-1312 2048
-1312 224
224 -240
-1376 1984
-512 800
-1312 480
1488 240
-1168 1680
2000 752
-288 -1984
-960 1376
816 -432
1408 -352
896 -864
1632 1920
1504 1792
1808 560
1104 1904
1168 -80
880 -368
-800 432
-800 -1712
1456 -432
-1696 -352
-1696 480
-1696 -32
352 -384
-640 1056
-1696 928
1520 1680
-736 960
512 160
1888 -2032
352 -1568
352 -1952
1008 -880
224 -128
1696 1344
-1696 -1152
1712 1872
-1696 -128
-1696 -1088
2032 -1904
-48 112
208 368
1616 752
432 -432
-672 -1792
1104 240
688 1872
864 -1712
864 -1360
864 -1872
1504 128
2032 -880
1888 512
720 1904
864 -1744
1184 -192
864 -1840
864 -1488
-672 544
-128 544
752 1936
-1120 1600
864 -1808
-320 352
864 -1648
864 -1424
864 -1168
-1184 176
-1184 -176
1600 224
1472 96
960 -416
-1184 -1360
912 48
-1216 1504
-672 576
-672 448
-1184 -368
-1184 -1424
1792 928
2032 1680
-1696 -48
864 -1632
864 -1440
736 1920
-1696 464
864 -1824
864 -1312
672 1856
864 -1696
704 1888
864 -1728
864 -1856
-320 864
-576 608
-1184 160
-1184 -160
768 1952
864 -1792
-1184 -544
-1184 -1440
-1696 -1136
-1696 -112
-1184 -1344
1328 976
-240 432
1024 1184
1008 1680
1376 -2032
256 416
-992 1216
-160 -1952
896 1056
1728 1888
-64 96
192 352
1136 1808
1872 496
1200 -176
944 -432
1616 240
-672 -1808
-1248 576
-1760 -1392
-1248 192
-1760 -1136
-1760 912
208 -80
-1760 -1168
464 176
288 -1392
288 -1936
1296 1008
-1760 -816
800 -1952
736 1984
528 240
800 -1312
-1760 -1072
2032 1744
768 -32
512 -288
-1760 -1328
-1536 1760
-1760 -784
-1248 -1408
-1760 -1360
-1376 1920
-784 976
800 -1152
-1248 608
1312 1536
224 448
2032 720
1504 1728
1024 -800
1376 1600
1696 1920
-240 496
1312 -2032
1664 1888
-112 624
656 1392
832 1056
1344 1568
624 1360
1200 -112
848 -464
-1024 1248
-736 -1776
1552 752
-1248 -560
608 1344
1120 1856
-1248 208
672 1408
-1248 -1328
1536 224
576 1312
-320 416
800 -1168
800 -1936
-336 912
800 -1616
2032 -816
1440 128
928 -384
800 -1488
-1248 -336
-1248 592
-224 -1968
1392 -432
-944 1328
1424 -400
1008 -816
1040 -784
-224 48
1632 1344
144 368
1424 1648
1392 1616
-1760 -1152
1360 1584
-1760 -1344
2032 -1840
1328 1552
-1760 -1312
-1760 -800
288 -896
288 -1408
-1760 480
-1760 -1056
368 -1968
880 -1440
-1680 464
640 -240
880 -1312
880 -1696
240 -128
880 -1184
2032 1664
1024 144
-1680 -16
1360 992
1712 1344
-1168 -544
-1168 160
-1168 -1440
368 -1296
880 -1664
1024 1168
1392 -2032
256 400
-992 1200
-144 -1952
896 1040
-112 544
1728 1872
-896 1296
1872 480
1200 -192
1616 224
-656 -1808
1152 1808
-128 528
-1120 1584
-656 608
1024 1680
880 -1680
880 -1392
-320 336
880 -1168
880 -1648
880 -1488
-560 608
1888 496
720 1888
1184 -208
-304 864
1504 112
2032 -896
1632 240
624 -256
-1168 -176
1216 -176
-1168 -1360
912 32
-1680 -352
368 -1280
-1680 -32
368 -384
-1680 928
240 384
512 144
1904 -2032
368 -1568
1520 1664
368 -1312
368 -1952
208 352
-1680 -1088
2032 -1920
1744 1888
-1680 -1152
384 -1200
384 -1968
2032 1648
896 -992
-544 608
896 -928
896 -1440
240 -144
896 -1184
896 -1376
-1664 464
528 144
640 -256
896 -1312
-1152 -1376
384 -1264
-1376 1824
-1152 160
896 -1408
-1152 -1440
384 -752
1024 1152
1408 -2032
256 384
-16 624
-128 -1952
896 1024
1760 1888
1520 112
224 352
-112 528
1728 1856
1168 1808
624 1264
-896 1280
1200 -208
-640 -1808
-640 608
1024 1664
896 -1008
-640 -1824
896 -1680
896 -1392
896 -912
1888 480
896 -1328
-304 848
2032 -912
896 -976
896 -1488
1632 224
1648 752
-1152 -176
-1152 -1456
-1456 1744
656 -240
1216 -192
1136 240
-1152 -1360
384 -1280
-1664 928
128 1792
1728 1344
912 1040
880 1008
-1664 -1088
2032 -1936
-1664 -1152
-1664 -384
-1664 0
944 1072
400 -432
-592 1056
176 1824
400 -1200
400 -688
400 -1968
2032 1632
512 -400
-544 592
912 -1440
1152 240
1664 752
-1648 464
528 128
1264 864
-1136 -1472
-1136 -192
1744 1344
-1648 -400
-1648 -1168
1856 944
1392 992
-1648 -1104
704 -208
400 -752
-1440 1744
-1136 608
912 -1408
240 1888
-1136 -1376
400 -784
400 -1264
912 -1024
1024 1136
1008 1632
1040 1664
1536 1648
1424 -2032
-112 -1952
896 1008
1920 -16
928 1040
-624 -1840
992 1104
1168 1792
960 1072
624 1248
-624 608
1024 1648
912 -1008
912 -1040
0 624
-624 -1824
720 1856
912 -1328
-304 832
928 -496
2032 -928
912 -1488
1248 -176
-1360 1824
1168 256
-1136 -1456
-1136 592
-1648 928
-1648 -416
128 1776
400 -1152
400 -768
1776 1888
400 -416
272 384
1008 1120
256 -144
1936 -2032
400 -1568
224 1872
400 -800
400 -1248
160 1808
400 -1184
976 1088
-1648 -1088
2032 -1952
1744 1856
-1648 -1152
-1648 -384
-1648 0
416 -688
-688 944
416 -1968
416 -944
416 -432
416 -592
176 1808
2032 1616
512 -416
928 -1056
-544 576
272 -144
1664 736
736 1856
-1632 464
672 1792
-1632 -1168
-1120 -1472
-1120 576
1856 928
-1632 -1104
704 -224
1424 1008
416 -528
-1120 -224
240 1872
-1120 -1376
1024 1120
1008 1616
1040 1648
1440 -2032
16 624
-96 -1952
1168 1776
1680 240
1856 -96
-1104 1552
-608 -1872
992 1088
-32 64
1792 -160
928 1024
-608 -1840
-1120 144
720 -208
-1424 1744
-1120 624
-1120 -1392
-608 -1856
1072 144
-304 816
2032 -944
928 -1072
928 -512
928 -1488
1248 -192
-1632 928
-1632 -416
128 1760
416 -640
416 -1152
416 -512
1872 -80
416 -1024
-1632 -1184
1456 -496
1488 -464
-880 1264
192 1824
416 -576
416 -960
-576 1056
-96 -1936
1840 -112
2032 80
544 128
1008 -944
1808 -144
1440 1024
608 192
1760 1344
1280 864
1008 1104
1040 1136
256 -160
416 -544
1952 -2032
416 -1568
160 1792
416 -672
1776 1872
416 -608
224 1856
1408 992
-800 832
976 1072
-48 48
2032 -1968
1744 1840
-1616 -1120
-1616 928
-1616 -416
128 1744
432 -1408
256 1872
432 -512
432 -1024
-1616 -1184
-880 1248
432 -1984
432 -448
432 -576
432 -1472
-576 1040
1744 -224
-80 -1936
432 -1120
432 -1440
1280 848
1008 1088
1040 1120
-16 64
432 -480
1968 -2032
432 -1056
432 -1568
1408 976
1552 1632
-1616 448
2032 -1984
928 -528
1568 112
2032 -960
944 -1488
1696 240
-1104 -400
-1104 112
560 -384
-1104 -1392
1072 128
-1104 656
1920 464
-1104 -1488
-224 368
-1104 560
32 624
752 -192
784 -160
-688 928
432 -592
432 -1456
432 -1968
432 -944
2032 1600
768 -176
512 -432
-544 560
1664 720
736 1840
-1616 464
-288 816
672 1776
944 -1184
1296 864
1776 1344
272 -160
-1616 -432
-1616 -1104
1088 144
576 -368
1424 992
624 192
-1104 -1408
-1408 1744
-1104 128
-1104 -384
-1104 640
-1616 16
-1104 -1472
-1344 1808
-1104 576
1488 1056
-80 -1920
1024 1104
1792 1872
-80 32
1456 -2032
1264 -192
992 1072
1056 1136
-32 48
1792 -176
1760 1840
1552 96
928 1008
1168 1760
656 1248
1728 -240
1472 -496
-1104 1536
-592 -1872
-1344 1792
1488 1040
560 112
-1600 912
800 -160
448 -464
448 -1584
448 -1488
-560 1040
304 1904
448 -1328
448 -2000
2032 -464
448 -1072
672 1760
960 -1888
960 -1696
1808 1360
960 -1184
1664 704
736 1824
960 -1824
960 -1760
-288 800
1296 848
960 -1952
960 -1632
272 -176
960 -1120
960 -2016
960 -1568
960 -1504
2032 1584
768 -192
960 -1920
960 -1664
448 -496
960 -1152
-1088 -224
272 1872
448 -1296
-1088 96
448 -1264
960 -1792
960 -1536
448 -1008
960 -1984
960 -1856
960 -1728
960 -1600
448 -1392
144 1744
-1600 16
-1088 -1408
-1600 -432
1216 256
1088 128
960 0
576 -384
1424 976
-1600 -1200
624 176
256 320
0 64
-64 32
1472 -2032
1408 1472
656 1232
1472 1536
1760 1824
1920 -64
1664 -320
1056 1120
1568 1632
1792 -192
1728 -256
1472 -512
-576 -1872
1936 464
-64 16
448 -1280
-1600 32
-768 832
1712 -272
448 -1408
-1600 -1120
-1600 928
-1600 -1184
-880 1232
448 -1984
448 -1088
448 -1600
448 -1472
448 -1344
1744 -240
-64 -1936
160 1760
240 304
448 -1376
-672 928
288 1888
448 -1312
448 -928
448 -1120
1008 1072
1792 1344
2048 1600
448 -480
1984 -2032
448 -1056
-64 48
2032 48
1824 1376
288 -160
1520 -464
1776 -208
1424 1488
1456 1520
944 1008
-1600 448
2032 -2000
-1088 -1488
528 -432
-224 352
-1088 560
992 1568
1280 -192
1184 1760
784 -176
960 -1840
928 -544
960 -2000
1568 96
2032 -976
992 -480
960 -1584
960 -1488
1696 224
720 1808
960 -1744
960 -1552
960 -1520
-528 560
960 -1776
960 -1808
-1184 1440
960 -2032
960 -1968
960 -1104
960 -1616
688 1776
960 -1712
960 -1872
656 1744
960 -1680
-64 512
960 -1904
960 -1168
960 -1936
960 -1136
960 -1648
560 96
-1584 -1136
1840 1376
-1584 912
-560 1024
1120 144
608 -368
464 -1232
464 -2000
2032 -480
304 1888
1888 912
864 -112
2032 1568
512 -464
-1584 48
736 1808
272 -192
1872 1408
-1072 -256
-1072 -1408
-1584 432
-1584 -432
-1584 -1200
944 -544
-48 0
-48 -1920
-864 1232
256 304
1488 -2032
1408 1456
1472 1520
1728 -272
-560 -1872
320 1904
464 -1600
-48 -1904
1488 -512
-48 -1936
1856 1392
1424 1472
1504 1040
2032 32
1312 848
1824 1360
288 -176
1072 1120
-1584 448
2032 -2016
1584 1632
1488 1536
288 1872
640 176
464 -1248
16 64
2000 -2032
464 -992
464 -1504
1776 1824
272 320
464 -928
160 1744
1808 1856
240 288
-672 912
-48 -16
-1584 32
-768 816
1712 -288
-1584 -1120
-1072 -1488
528 -448
-224 336
-1072 560
672 1232
1184 1744
784 -192
-1328 1792
992 1552
1280 -208
-272 800
976 -2032
-560 -1888
2032 -992
992 -496
976 -1488
1952 464
1696 208
-1072 -1424
-1072 -400
976 0
-1088 1520
-1392 1728
1232 256
816 -160
-1056 448
-1056 64
560 80
-1568 -1136
-1568 912
1328 848
480 -1232
304 1872
1696 704
864 -128
480 -1744
480 -2000
2032 -496
2032 1552
512 -480
-1568 48
640 -352
672 1728
1872 1392
-1056 512
-1056 -256
-1056 -1440
480 -1776
-1056 -416
-1056 -1504
-1056 480
480 -1552
480 -1520
-1568 432
-1568 -432
656 176
832 -160
-1568 80
-1568 -1200
-928 1152
-864 1216
1008 1552
256 288
1504 -2032
1408 1440
1504 1536
32 64
1008 -496
1824 1856
288 320
1664 -352
656 1200
1600 1632
-544 -1904
-1168 1424
1232 -272
480 -1728
480 -1216
-32 -1904
1488 -528
1504 1024
2032 16
1008 -1008
288 -192
1552 -464
1888 1408
2016 -2032
480 -992
-544 1024
1776 1808
480 -928
480 -1632
160 1728
480 -864
480 -896
-32 -16
480 -1792
480 -1536
-768 800
-1568 416
1280 -224
-1056 48
528 -464
-1056 464
-1056 560
672 1216
1184 1728
-1328 1776
640 1184
-496 560
-272 784
992 -2032
992 -1008
-544 -1888
976 -16
-1088 1504
-1392 1712
-1056 -1424
1232 240
-1552 416
-1552 928
-1552 96
496 -1920
496 -896
496 -1664
-640 912
-16 -16
496 -768
496 -1792
496 -704
496 -832
496 -1600
496 -1216
-16 -1904
2032 2048
496 -992
496 -1568
1520 1536
1920 1424
496 -736
496 -800
496 -1760
496 -1824
1776 1792
496 -1632
160 1712
352 1904
496 -1696
-1552 -1152
336 352
1616 1632
-1552 -1216
48 64
-1552 -448
-1040 -1520
-528 -1920
-1152 1424
-1040 528
-1040 -496
848 -160
-1040 -448
-1552 -1136
-1552 912
-1552 112
304 -192
960 2000
496 -1680
496 -1648
496 -1936
496 -912
144 1696
1248 240
496 -1584
496 -816
1696 688
864 -144
672 -336
496 -720
496 -2000
992 -16
2032 -512
496 -976
992 2032
2032 1536
-480 560
1520 1024
1152 144
640 -368
-1552 80
1904 1408
-1552 -1200
-1040 -1504
1008 -1024
-256 784
-1040 544
-1040 32
-1040 -480
-1040 -1440
496 -752
496 -1776
-752 800
496 -784
496 -1808
-1376 1712
496 -1552
-528 1024
-928 1136
-864 1200
1008 1536
256 272
1520 -2032
1408 1424
1632 1648
1296 -224
1824 1840
1664 -368
352 368
80 608
1200 1728
688 1216
1232 -288
-528 -1904
512 -1920
512 -640
-640 896
1616 -432
0 -16
512 -1792
-512 1024
-1536 416
-1536 928
-2048 1584
-2048 1488
-2048 560
-2048 464
160 1696
352 1888
512 -672
512 -1184
-2048 1328
-2048 720
1776 1776
512 -1952
272 272
512 -608
512 -1632
-2048 1232
-2048 816
2032 2032
512 -992
-2048 1072
-2048 976
-912 1136
512 -1984
512 -1600
1328 -720
0 -1904
-2048 1616
-2048 1456
-2048 592
-2048 1360
-2048 688
1648 1648
1424 1424
-2048 1200
-2048 848
1344 832
1984 1472
-2048 1104
-2048 944
1264 -784
1952 1440
1296 -752
2032 -16
-1536 -1216
48 48
-2048 1680
-2048 1392
-2048 656
-1536 -448
-2048 -624
-2048 1648
-2048 1424
-2048 624
-2048 1168
-2048 880
1840 1840
-2048 1136
-2048 912
336 336
-1536 -1152
-2048 1552
-2048 1520
-2048 528
-2048 496
-1536 128
-2048 1296
-2048 752
-2048 1264
-2048 784
-2048 1040
-2048 1008
-1024 16
1712 688
-1024 -1520
-512 -1920
688 -336
-1152 1408
-1024 -1456
1168 144
-1024 432
1680 656
1648 624
512 -624
512 -1648
704 1728
960 1984
512 -656
512 -1936
144 1680
512 -1200
512 -1616
512 -688
512 -1968
512 -2000
992 -32
2032 -528
512 -976
1696 672
1664 640
1920 896
1520 1008
1152 128
-1536 -464
2032 1520
-1536 -1232
-1024 -1536
-1024 0
-1024 -256
592 80
1360 848
688 176
1968 1456
1936 1424
-1536 432
1024 2048
-256 768
-1024 544
-1024 32
-1024 -1440
512 -752
-1024 416
-752 784
512 -1808
-1376 1696
-1312 1760
1008 1520
1536 1536
0 -32
1536 -2032
-16 496
-864 1184
1280 -768
1024 -1024
-1072 1488
1664 -384
1152 -896
1632 1632
1296 -240
352 352
1200 1712
-2048 1536
-2048 1280
-2048 1024
-2048 768
-2048 512
-2048 -640
-2048 1664
-2048 1408
-2048 1152
-2048 896
-2048 640
80 592
-2048 -1472
1568 -480
1504 -544
2032 -1552
-2048 1600
-2048 1472
-2048 1344
-2048 1216
-2048 1088
-2048 960
-2048 832
-2048 704
-2048 576
-208 304
1312 -736
1248 -800
528 -1920
1360 -704
528 -1664
528 -1792
1616 -448
-1520 928
-912 1120
528 -576
1328 -736
16 -1904
160 1680
352 1872
528 -1184
1776 1760
272 256
528 -608
1536 1008
2032 2016
528 -992
1552 1536
-736 784
1264 -800
1952 1424
608 80
1296 -768
2016 1488
16 -48
2032 -32
1520 -544
1984 1456
368 352
320 -208
-1520 448
48 32
1840 1824
-2032 -624
-1520 -1152
-1520 128
-1008 -16
-1008 16
-1296 1760
1712 672
-1008 -1552
-496 -1920
688 -352
1024 1520
1040 -2032
0 496
-240 768
-496 -1952
1680 640
1216 -336
960 -592
-1008 -1456
1168 128
528 -1680
-448 560
528 -1648
-624 896
528 -1904
1664 624
1920 880
-1520 -464
1280 240
2032 1504
1040 -1056
-1520 -1232
-1008 -1472
2000 1472
-1008 576
-1008 704
1584 1056
-1008 -1536
-1008 0
-1008 -256
1360 832
688 160
1968 1440
-1008 -1568
528 -1008
-1008 -32
-1008 416
-1376 1680
-496 1024
1280 -784
1040 -512
-1072 1472
1760 1744
288 272
1664 -400
1152 -912
1440 1424
1296 -256
1024 1008
1008 1504
16 -32
1552 -2032
1664 1648
-496 -1936
1232 -320
-1136 1408
16 -64
1744 192
1376 -688
1184 -880
1312 -752
1248 -816
-2032 -1472
1568 -496
2032 -1568
1632 -432
368 1872
704 1696
544 -1680
-448 544
-624 880
544 -1904
544 -1712
176 1680
544 -1872
1920 864
1552 1008
-1504 -464
1280 224
992 1984
2032 1488
1024 -32
-1504 -1232
1584 1040
-1504 -1168
-1504 144
-992 -1600
-992 -1472
-992 576
-992 -64
-992 704
720 176
-992 -288
-992 -1568
544 -1008
-992 -32
-992 416
2032 464
1056 1024
1568 1536
1040 -528
-1072 1456
1120 1088
1440 1408
1296 -272
1760 1728
288 256
1664 -416
1696 1664
1360 1840
-208 272
1376 -704
1184 -896
1248 -832
-2016 -1472
2032 -1584
1200 -880
544 -1024
544 -1792
-1504 -480
-1760 1792
-1504 -1248
1360 -720
1616 -464
-1504 928
1536 992
2032 2000
-480 1024
160 1664
544 -1888
544 -1696
544 -1184
32 -1904
1584 -496
1568 1024
2016 1472
2032 -48
1040 -1040
736 192
1520 -560
1376 832
-1504 -1152
1712 1680
-1504 128
1104 1072
1600 1056
1680 1648
704 160
320 -224
-2016 -624
-2016 1680
-1504 448
1216 1696
1344 1824
-240 752
1024 1504
1056 -2032
-480 -1952
-992 -48
1296 240
96 576
-992 -1584
-992 -1488
1664 96
672 1152
-992 720
176 1664
560 -1872
560 -1200
560 -1712
-976 -1600
-976 -64
720 160
816 256
1584 1024
-1488 -1168
-976 -288
-976 736
560 -1776
-976 -96
-976 -1504
560 -1040
336 -224
-1488 -496
-1488 -1264
-1488 176
-1712 1824
1392 832
1216 144
832 -240
704 -368
-1488 432
1024 976
1008 1472
2048 2000
1584 -2032
48 -96
48 -1888
1088 1040
1728 1680
1856 1808
64 16
1056 1008
1536 -560
1040 -544
-1072 1440
1760 1712
1776 192
1120 1072
1232 1696
1120 -976
-208 256
1248 -848
-2000 -1472
2032 -1600
560 -1024
560 -1792
-1488 -480
-1488 -1184
1616 -480
-1488 160
-1488 928
1104 -992
-1760 1776
384 1872
-1488 -1248
1136 -960
48 -80
1392 -704
48 -1872
1040 992
2032 1984
768 208
-608 880
560 -1184
640 80
1712 1664
1456 1408
-1488 -1280
1104 1056
-2000 -624
1744 1696
304 256
1584 1536
-1728 1808
-2000 1680
1072 1024
-1488 448
672 1136
1376 1840
-976 -304
-976 720
32 496
1296 224
96 560
-976 -1488
1664 80
-240 736
1024 1488
1008 1984
1072 -2032
-464 -1952
1680 608
-976 -80
-976 -1616
-976 592
1936 864
-1360 1664
-592 880
576 -1872
576 -1200
576 -1712
-1472 -1200
-1472 176
1392 816
832 -256
-1472 432
-960 -1632
576 -1776
-960 -96
-960 -1504
576 -1040
-960 -128
-1472 -496
-960 -1536
-960 768
-1472 -1296
1616 1040
-1136 1360
64 -1856
976 -624
112 560
1088 1024
1392 1840
1856 1792
320 256
1760 1696
1408 -704
1264 -336
1056 992
1776 176
688 1136
1360 1808
-1984 -1024
-1984 -1472
1504 -608
2032 -1616
1056 -1056
48 496
1232 1680
1120 -992
-208 240
1248 -864
-1472 -1184
1616 -496
-1696 1824
-1472 928
1104 -1008
384 1856
1136 -976
64 -1872
1408 832
640 64
576 -1760
1040 976
2032 1968
768 192
1104 1040
80 16
1456 1392
-1472 -1280
-1984 1680
1072 1008
1584 1520
-1984 -624
1744 1680
400 336
832 256
-1984 -1456
1136 1072
1008 1968
1088 -2032
-1056 1440
-240 720
-448 -1952
1408 1856
-1264 1744
848 -240
1712 624
-960 -1520
1232 144
816 -272
-960 -112
1328 240
-960 -1648
720 -368
-1680 1824
-1344 1648
-944 -192
-1456 912
816 224
592 -1936
592 -1904
368 1824
704 1648
400 1856
-592 864
592 -1872
-1456 -1200
-1456 176
-1456 432
1344 240
656 64
-944 -128
-1456 -496
-944 -1536
848 256
-944 768
-1456 -1296
1616 1024
-1136 1344
80 -1856
976 -640
1328 -288
-432 -1968
1088 -1040
1088 1008
1600 1520
1472 1392
320 240
1424 1856
-1968 -640
-1968 -1024
-1456 928
384 1840
-1456 -1312
592 -1920
80 -144
-880 1088
192 1648
592 -1856
1072 -1056
592 -1728
-448 1008
80 -1840
-816 1152
2032 -96
800 208
1520 -608
352 -240
1408 816
592 -1760
2032 1952
352 1808
1104 1024
80 0
-1968 -1008
1872 1792
-1968 1680
1072 992
-1456 -1216
-1456 192
-1968 -624
1168 1088
-1968 -1456
1024 1456
1104 -2032
-1056 1424
-240 704
128 560
-432 -1952
-944 -208
1792 176
1280 -336
1376 1808
1248 1680
-1264 1728
-944 784
1360 256
1712 608
-944 -1552
-944 -144
1328 224
-944 -1648
720 -384
816 -288
-1952 -1008
1872 1776
-1440 -512
-1440 896
336 240
1616 1520
224 1664
608 -1760
608 -1952
352 1792
608 -1888
2032 1936
2032 -112
1520 -624
352 -256
1632 1024
96 -1840
-1440 -1344
-1952 1680
1072 976
-1440 -1216
-1952 -656
-1440 192
1488 1392
1168 1072
-1952 -1456
384 1824
-1440 -1312
816 -304
-416 -1984
976 -144
1440 1856
-928 -208
-928 816
1264 144
1008 -112
1248 1664
-928 -240
1360 240
-928 -1552
-1344 1632
-1680 1808
-928 -320
-1440 880
-432 1008
608 -1872
608 -1968
-1440 -1232
-1440 -1328
992 1920
-1248 1728
-928 -224
-928 800
240 1680
-928 -352
1024 1952
-928 -1568
608 -1040
-1440 432
1344 224
1728 608
656 48
1424 816
96 -1824
-800 1152
2048 1952
1632 -2032
-416 -1968
1056 960
1536 -608
416 320
96 0
1296 -336
1760 1664
1808 176
1184 1088
1456 1872
-1952 -640
-1952 -1024
944 -688
-1952 -992
-1040 1424
1008 2032
1024 -2032
1024 -1040
976 2016
2032 -1024
1632 112
2016 464
976 1984
2032 -1056
720 1728
-944 -352
-944 -160
1024 1968
592 -1040
-1120 1344
-240 688
128 544
1024 1440
1008 1936
1120 -2032
608 1504
-1408 208
-1408 -208
992 1888
672 1568
960 2016
-656 912
480 -912
144 1712
480 -880
1008 2048
1008 -2032
640 1168
1920 848
1552 992
992 1968
1024 -48
752 192
-1744 1792
672 1648
976 2032
2032 -1008
-288 160
-288 224
1008 1808
1040 1840
1248 -2032
-160 656
-352 464
-1328 -304
1152 -80
-1328 -560
992 1808
928 -800
976 1808
2032 -1232
1888 160
960 1808
960 1792
-368 976
1120 -624
928 -816
976 1792
2032 -1248
1120 -640
928 -832
976 1776
2032 -1264
1120 -672
976 1744
2032 -1296
1056 -736
960 1744
-368 928
960 1728
-192 576
768 -1136
784 -1136
960 1712
976 1696
2032 -1344
560 1280
976 1712
2032 -1328
1056 -768
560 1296
1824 0
1952 128
896 -448
-1216 -560
992 1696
1776 944
1024 992
1008 1488
1568 -2032
16 496
384 352
1008 1456
1600 -2032
-1184 1472
1024 1632
928 -1040
640 1248
-96 528
-1136 -208
1664 240
528 -384
-224 400
992 1616
1536 112
-1120 -208
1920 480
528 -400
-224 384
992 1600
1536 96
-304 320
2016 80
976 1600
2032 -1440
1440 -496
1824 -112
-304 304
976 1584
2032 -1456
992 -960
1824 -128
976 1568
1504 -464
2032 -1472
992 -976
1824 -144
1760 -208
1888 -80
1952 -16
976 1552
2032 -1488
992 -992
48 624
1696 -288
1760 -224
1952 -32
656 1552
960 1344
64 448
624 1520
960 1264
192 496
656 1456
960 1248
192 480
960 1232
208 480
976 1248
2032 -1792
1008 1232
1824 -2032
288 -1568
288 -928
288 -1632
1152 864
-240 464
-928 1312
1024 1216
1344 -2032
1072 1104
2032 -2032
-1568 64
-1568 -448
304 336
1056 1104
1536 -464
288 336
1920 -80
1664 -336
384 -416
272 400
-608 1056
384 -1184
240 368
1008 1136
1920 -2032
384 -1568
224 1888
384 -736
384 -800
224 368
-656 464
928 1072
1344 992
1216 864
576 224
912 1072
880 1040
880 1072
1344 1008
1216 880
576 240
880 1056
912 1024
944 1040
944 1024
1344 976
576 208
880 1024
848 1056
-1744 -256
-80 128
656 1408
832 1072
-128 192
768 1088
1216 -2032
1504 -640
2032 -1648
720 1136
704 1136
-192 240
704 1152
704 1120
-192 224
64 480
-400 528
688 1152
-224 272
-1008 560
96 592
1008 -32
672 1168
656 1168
656 1184
320 336
656 1152
528 -480
-224 304
-1040 560
-1040 -464
1024 -496
-32 496
-1040 48
672 1200
-1328 1760
688 1232
-224 432
1008 128
-32 624
608 1264
592 1264
-336 368
-80 624
592 1296
592 1312
-176 560
592 1328
688 1424
624 1344
656 1376
-144 560
-64 128
624 1328
752 1984
816 -1296
-720 416
816 -1264
640 1360
752 2000
-736 416
640 1376
-1248 1536
800 -1264
-176 576
688 1440
-336 416
688 1456
-336 432
592 1472
688 1568
592 1488
688 1584
592 1504
-400 992
-624 768
704 1584
368 1776
704 1600
-656 752
928 -752
-208 672
2032 -1184
1312 -368
720 1600
368 1792
704 1616
400 1824
368 1808
704 1632
400 1840
688 1632
-416 544
896 -192
672 1632
784 208
656 1632
688 1648
704 1664
704 1680
2032 -1088
1312 -272
1248 -336
720 1696
2032 -1072
720 1712
1760 192
688 1728
656 1728
640 1744
432 -496
-1104 -224
432 -1008
432 -1040
656 1760
-64 528
688 1760
944 -1200
944 -1104
688 1792
928 -1200
688 1808
432 -1424
432 -1136
704 1808
944 -1088
144 1760
704 1856
896 -960
896 -1344
384 -400
688 1856
880 -1360
368 -400
-624 1056
704 1872
704 1904
848 -1472
-320 880
-656 1056
752 2016
-752 416
-128 624
-1248 1552
784 2048
784 -1264
1408 -720
416 336
1056 976
400 352
1136 1088
1600 1040
1088 912
1056 896
1056 880
-976 1408
1776 64
1248 1072
1120 880
-272 208
1808 32
480 160
1008 -848
1184 864
1312 992
544 240
480 176
1008 -832
-208 48
1184 880
1312 1008
-1472 1744
-1680 -368
1232 864
1008 -912
-976 1200
1248 864
1616 -2032
1152 1072
240 -288
-736 1072
240 -1632
240 -1696
1280 1040
512 272
1776 -2032
1360 1008
-1408 1824
1008 -896
1376 1008
1392 1008
448 -448
2032 64
544 112
1008 -960
1440 1008
608 176
1776 -192
1808 -160
2032 96
1008 -928
-976 1184
1440 1040
-1120 128
-1120 -384
-1120 640
-1632 16
-1120 -512
1456 1040
-1136 -384
-1648 16
-1136 -512
1456 1056
592 192
1472 1056
1568 1008
2032 -64
800 240
736 176
1376 816
2032 -128
1552 -608
1520 -640
864 240
672 48
1440 816
1632 1008
1984 768
1680 976
1088 -128
1504 784
2032 -224
1696 976
-816 1008
2032 -240
736 0
1696 960
1728 944
-1248 -144
1072 272
-736 704
1744 944
-1424 1872
1568 752
2032 -320
864 48
1760 944
896 -464
1776 928
1808 960
-1488 1744
1008 144
1808 944
1824 960
352 -1584
352 -1328
352 -976
992 128
2032 -368
608 -256
-1392 1824
-1216 1488
-656 576
-656 448
-1168 -368
1840 960
-1152 -368
-1152 144
1840 944
-1104 -496
944 0
1200 256
1872 928
592 -368
-1088 -240
-1088 -496
1104 144
1872 912
1904 912
880 -112
-1056 432
-1056 -432
656 -336
1216 -288
-1056 80
624 -368
1136 144
-1056 688
1904 896
880 -128
-1040 432
-1040 -432
1728 208
1984 464
1680 672
656 -352
1680 624
1216 -352
960 -608
-992 -80
-992 592
1936 880
-1360 1680
1312 224
-464 1008
1952 864
576 -1232
2032 -592
544 -544
1696 608
864 -224
1936 848
-960 -336
-960 -1616
880 -208
-960 592
1936 832
912 -192
-944 -336
-944 -176
-944 592
1936 816
-928 -336
-928 592
1728 96
736 -400
-560 864
1952 816
624 -1232
992 -144
2032 -640
1376 240
-1616 1760
-1360 2016
1984 752
848 -336
1968 784
1344 848
576 80
2032 -144
672 32
1440 800
1488 800
1488 784
-1344 -144
-832 448
720 16
368 -1328
-720 960
368 -1584
1120 240
1632 752
368 -816
2032 -384
368 -976
-1360 1808
1680 752
960 -480
1648 720
1680 736
1216 -240
960 -496
1648 704
208 1856
1632 720
928 16
400 -1232
-816 832
1056 144
2032 -416
1184 272
864 -48
672 -240
544 -384
2032 -432
736 -192
416 -560
1184 256
864 -64
208 1840
1632 704
-816 816
1680 704
1600 112
-1072 80
880 -96
1680 720
1600 128
1216 -256
880 -80
528 -560
544 -496
2032 -544
1696 656
1184 144
1312 240
-464 1024
544 -528
2032 -576
1696 624
864 -208
-160 672
-352 480
-1344 -304
1152 -64
1792 576
912 -1344
144 1792
400 -1168
192 1840
400 -704
400 -960
400 -1216
-704 944
1488 -448
1840 -96
272 1856
-1072 96
-1072 -416
-1072 -1504
464 -1008
-512 560
464 -1264
-1072 672
464 -1520
336 1904
480 -1712
480 -1616
480 -848
336 1744
-688 720
336 1728
1584 -608
320 1712
1376 256
608 -1744
-720 720
208 1648
928 -192
608 -1232
1056 -64
2032 -624
736 -384
192 1664
1072 -1040
576 -1728
576 -1216
-704 768
64 -112
1232 -880
144 1728
416 -1136
416 -656
928 -1088
416 -624
144 1776
464 -1616
176 1760
208 1664
592 -1232
592 -1744
1056 -48
2032 -608
1248 144
736 -368
-240 64
1840 544
1840 528
-1232 -336
1856 528
-1200 1472
1856 -80
-1104 1568
1904 480
1968 464
944 -560
1616 112
1712 208
1232 -304
2000 464
1744 208
-304 336
2016 96
2032 -1424
2000 96
368 -832
-912 1296
2000 112
352 -960
352 -832
352 -1344
1168 -192
-688 592
-688 432
912 -448
1984 112
880 -464
-704 432
912 -432
1984 128
2032 -1312
1056 -752
1824 16
1952 144
912 -848
1904 144
912 -832
1392 -352
1904 160
144 -192
1072 -608
1744 64
1840 160
928 -736
-208 688
2032 -1168
1824 160
1312 -352
2032 -1152
1824 176
1072 -592
976 -688
1744 80
1840 176
944 -576
1712 192
1648 240
-1200 1488
-1104 1584
-656 592
1472 -432
1648 256
-176 64
-1136 1600
1584 224
1488 128
-1360 2000
1472 224
1104 -32
944 -192
-912 -272
1360 224
528 -496
-224 288
-1024 560
96 608
1024 -512
1264 240
688 -240
-1120 -496
944 16
1200 272
272 -1488
1056 272
2032 -288
928 144
272 -304
-816 992
240 -1584
992 240
480 -272
2032 -256
864 112
-1440 -496
848 240
-928 -256
-1344 1664
-960 -320
816 240
-816 1168
2032 -80
800 224
1552 -560
352 -224
-416 528
896 -208
784 192
2032 0
1552 -480
672 176
-1152 -384
-1664 -16
-1152 -512
592 208
704 -352
624 80
544 -288
2032 -336
800 -32
-1696 -336
832 -32
576 -288
-1168 -528
848 -32
-1152 -528
848 -48
736 -208
432 -464
432 -1584
2032 -448
864 -80
688 -224
848 -64
-1056 496
-1056 -496
848 -144
672 -224
384 -720
-720 944
928 32
384 -816
2032 -400
384 -976
-1536 112
-1024 576
304 -208
1008 -864
224 -112
64 32
-64 0
1232 -336
-1136 1392
32 -64
1648 -432
-848 1168
1136 -944
32 -80
64 -128
-896 1088
80 -128
1712 96
-576 864
96 -144
1584 -560
-880 1072
128 -176
144 -176
1328 -368
160 -192
256 -304
-720 1072
256 -1584
2032 -272
288 -1584
2032 -304
288 -304
864 64
288 -320
288 -1600
1840 16
288 -336
-688 1072
288 -1616
288 -944
304 -336
304 -1360
-688 1056
304 -944
304 -368
304 -1392
816 -1344
304 -880
320 -368
832 -1344
320 -880
384 -704
384 -960
1488 -432
1008 -800
1040 -768
-240 48
1808 0
1808 16
-288 208
-1072 1264
1808 48
928 -768
2032 -1200
1376 -320
1760 64
2032 -1104
1056 -544
1312 -288
1696 96
1680 96
1600 -496
1216 -880
1088 -1008
1648 80
1344 -720
1648 96
-464 560
2032 -1040
1632 96
976 -496
1584 112
-160 64
1488 112
-1200 176
1472 112
960 -400
-688 528
1456 96
1168 -128
1424 128
-784 688
1392 128
1136 -144
912 -368
-768 688
1392 112
1088 -704
-992 -272
1200 144
-224 416
1040 144
-1152 1616
-1520 1760
-720 640
944 128
-1152 1632
-736 640
944 144
-1360 1984
832 -432
880 128
880 48
-960 -304
1040 -48
-1024 1408
1104 -48
-272 128
-1264 1568
1104 -160
1104 -144
-1264 1760
848 -224
560 -512
816 -256
1856 16
880 -448
544 -560
544 -512
2032 -560
-992 400
560 -496
1840 0
1888 16
-304 384
2032 -1376
2032 -1392
-48 624
1888 0
2032 -1408
1888 -16
1424 -496
1904 -16
-96 80
1936 -16
2032 -1504
48 608
-48 512
1696 -304
1952 -48
2032 -1520
-48 496
1952 -64
-208 336
1680 -320
-944 1152
1936 -64
-944 1168
1904 -80
2032 -1360
1440 -416
1392 -336
928 -784
2032 -1216
1376 -336
1072 -560
976 -656
1328 -304
-128 64
1232 -176
-896 1264
1200 -224
944 -496
1200 -240
-1168 1440
1232 -256
1200 -352
1232 -352
-1136 1376
-832 1168
-832 1024
1328 -400
1120 -656
-208 576
2032 -1280
1056 -720
1376 -400
1408 -480
-672 560
-672 464
1424 -480
-208 320
1504 -528
2032 -1536
1568 -560
1504 -624
2032 -1632
48 480
1600 -560
1472 -688
1600 -576
1472 -704
1424 -720
2032 -160
2032 -352
2032 -1136
2032 -1120
1056 -560
2032 -1856
2032 -1872
-1728 -64
-240 480
-928 1328
1328 -2032
48 -112
1232 -864
-848 1184
1136 -928
1168 -896
1136 -912
1088 -1024
1072 -720
256 -1472
-272 112
-272 144
1072 -704
240 -1600
1072 -576
976 -672
976 -480
-960 1168
-2048 1568
-2048 1504
-2048 1056
-2048 992
-2048 544
-2048 480
944 -592
-2048 1632
-2048 1440
-2048 1120
-2048 928
-2048 608
-2048 1696
-2048 1376
-2048 1184
-2048 864
-2048 672
-2048 1312
-2048 1248
-2048 800
-2048 736
896 -1360
896 -1200
896 -944
912 -1200
736 -1104
720 -1104
720 -1088
208 -1680
208 -1648
528 -592
496 -848
496 -1200
496 -688
448 -1360
448 -944
448 -1104
-912 1312
336 -960
336 -1344
336 -1360
336 -848
336 -944
320 -1360
320 -944
272 -1424
272 -912
352 -848
256 -1456
272 -1456
272 -1472
-704 1072
-288 144
224 -1600
224 -1616
224 -1680
736 -1296
-800 416
-496 816
-1376 1904
-1232 -352
-1232 -160
816 -1280
912 -1424
64 608
-144 624
-400 976
-192 672
-368 944
-960 1344
-768 656
-1168 1648
-1088 -400
-1088 112
-1088 1536
-1392 1744
-1088 656
-1088 1488
-192 64
-704 624
-1136 1616
-1648 1776
-1216 1696
-1280 1760
-992 -256
-1040 512
-1040 -256
-1184 1456
-960 1184
-896 1104
-848 1040
-832 1008
-592 784
-592 768
-208 64
-720 624
-672 592
-672 432
-432 544
-336 352
-144 64
-112 80
-1712 -128
176 352
-80 96
-192 320
-80 528
-1072 -240
-1072 -496
-912 -256
-1136 144
-1664 -368
-1152 -192
-1264 -336
-912 1104
-128 80
-976 400
-1136 624
-1072 688
-1040 688
-1024 688
-1008 688
-960 736
-960 752
-944 800
-912 816
-880 784
-864 784
-848 784
-784 832
-720 784
-704 784
-688 768
-688 752
-1120 592
-1440 912
-2032 1696
-2016 1696
-1776 1776
-1744 1808
-1712 1808
-1872 1712
-96 128
-96 176
-96 160
-1904 -1424
-928 -1632
-944 -1632
-912 -1632
